+919833660882
+919867005017
+919867092844
+919867820626
+919867904107
+919892826598
+919920998650
+919930445198
+919967032412
+919967730697
+919987391337
+919987724972
+919594807575
+919594842057
+919619514804
+919653232099
+919702114252
+919702115253
+919702307105
+919702333920
+919702423848
+919702826995
+919768477146
+919768636563
+919769239633
+919769701952
+919819149365
+919819416388
+919819632530
+919820493567
+919833099169
+919833135182
+919224265211
+919321430557
+919321779355
+919322222183
+919324285980
+919324394126
+919324686317
+919324952050
+919326083429
+919326108196
+919326294083
+919326468711
+919372440785
+919372729266
+919561312030
+919561312050
+919594282427
+919594334002
+919594528130
+919594800241
+919326312799
+918591425325
+919594330095
+918928699041
+918850303705
+918828080513
+918692035835
+918452923773
+918424914341
+918080206452
+918879785379
+918898062520
+918898909974
+918928061795
+918928537301
+918928644174
+918928760973
+919004317756
+919004426834
+919004734011
+918692832488
+918692859368
+918692862002
+918692945813
+918692953809
+918693887915
+918779031061
+918779453234
+918830411652
+918879307738
+919076463576
+919082580175
+919082588902
+919082671750
+919082837003
+919082956166
+919137792372
+919137900455
+919137905938
+919221982112
+918424886902
+918425936505
+918451880865
+918451995405
+918452033906
+918452085070
+918482804306
+918591040898
+918591129785
+918591200487
+918591262920
+918591540941
+918652304408
+918652589744
+918652702646
+918652795306
+918652796967
+918652829282
+918657801131
+918689841701
+917039888747
+917045894345
+917204058206
+917208285859
+917208709006
+917208710400
+917208783166
+917208970293
+917387527648
+917506282008
+917738445132
+917977262367
+917977507970
+918007679896
+918080878773
+918104829195
+918104878960
+918108255028
+918108448450
+918108549550
+918108872236
+918169068212
+918169661104
+918268531377
+918286038823
+918356821749
+918369639968
+918369721017
+918369994758
+918419922431
+919594706643
+917877428475
+918355942099
+918850025214
+918433551476
+918779183536
+918668679981
+919594210185
+919619152867
+918591378424
+917208341787
+919987361788
+919653385308
+919833653299
+919619070302
+919324297436
+919082795074
+919920125869
+919702823072
+918591698901
+918108203374
+917977640552
+919820564664
+919594900914
+918779293109
+919702904541
+918169996530
+918828974965
+919321108393
+919220460897
+917769887263
+919082909891
+919324441765
+918097205085
+919076413536
+918356079397
+919702774648
+919221930470
+917666446449
+918692860067
+917045098584
+919702236623
+919594900302
+919321883578
+918108365568
+919326595951
+917021540913
+917021599719
+917021739168
+917039395159
+918805199066
+919004323512
+919322587966
+918104044855
+919321783088
+919321495585
+917738395829
+918108605733
+918108677307
+918104620058
+918425934317
+919324294479
+919833829599
+919930339572
+919321429045
+919769787108
+918591551240
+919975428534
+919594032901
+918097180443
+919769316286
+919768013940
+918097891774
+918779259473
+919594272302
+919307866658
+919004871318
+919372407305
+919082299064
+918767620771
+919136799906
+918104172335
+918591070043
+917208372177
+919136802394
+919702404211
+919769675911
+919619112725
+919221042785
+917039547321
+919167194146
+918879439529
+918108051538
+919892709614
+919699450530
+918928465266
+918657719583
+918879387463
+918850187828
+919892151380
+919594040578
+918591400798
+918652566942
+919699321413
+918108988002
+917666268920
+919619996094
+919930949878
+919137864113
+919324896929